# ['Y']
1.000000000000000000e+00
2.198607145981151589e+00
1.000000000000000000e+00
1.000000000000000000e+00
1.000000000000006217e+00
1.000000000000000000e+00
1.000000000000000000e+00
2.318735654652707368e+00
2.333362014385290006e+00
1.000000000000015765e+00
2.201707843395419140e+00
2.452295120503760195e+00
2.142582606434308978e+00
2.061453346093201411e+00
1.000077035541556247e+00
1.000000045731630038e+00
1.000000000000000000e+00
2.492296421607480994e+00
1.000000000000000000e+00
1.000000000000000000e+00
1.000000000000000000e+00
2.628880159408974571e+00
1.000000000000000000e+00
1.000000000000000000e+00
1.000000000000000000e+00
2.475214468614873375e+00
2.845701500204608436e+00
1.000000000000000000e+00
2.634323138872066039e+00
2.506649497720478514e+00
1.000000000000000888e+00
2.844187931188581153e+00
2.561742379693689120e+00
2.054408979828423298e+00
2.158503391087667644e+00
1.000000000000001332e+00
2.053696188257627675e+00
1.000000177519365652e+00
1.000004763057613433e+00
2.283294583103416375e+00
1.000000000000000000e+00
1.000000000000000000e+00
2.070085540508034505e+00
1.778523284368133783e+00
2.477201686376806489e+00
1.000000000000006661e+00
1.000000000000000000e+00
1.000000000000000000e+00
2.207282041709082598e+00
2.388660988568417576e+00
2.755025466374706689e+00
1.000000000000000000e+00
1.000000000000000000e+00
2.264882390882264840e+00
2.104290499207073228e+00
2.020605827605529647e+00
2.784297232306840009e+00
1.120968964397076828e+00
1.000000004099508732e+00
1.000000000000000000e+00
2.348199878947068164e+00
1.000000000000000000e+00
2.414478212380193334e+00
2.391821760242298200e+00
2.589167290483269213e+00
2.250240489270997735e+00
1.000000000000000000e+00
1.000000000000833555e+00
1.000000000000000000e+00
2.057960295468249434e+00
2.284641165132123675e+00
2.632246321377371245e+00
1.000000000000000000e+00
2.703326928267236529e+00
1.000000000000055289e+00
1.000000686602761313e+00
1.000000001207391964e+00
2.306136446937888884e+00
1.000000020203185347e+00
1.000000000000000000e+00
1.000000000000000000e+00
2.340936748199250683e+00
1.000000000000001776e+00
1.000000000000103029e+00
2.367044298703673277e+00
2.182450164769218492e+00
1.000000000000000000e+00
2.170174630025617724e+00
2.349315245786647743e+00
1.000000000000000000e+00
1.000000000000000000e+00
1.000000000000000000e+00
1.000000000013779644e+00
2.023899135186672638e+00
1.000000059376016104e+00
1.000000000000000000e+00
2.168054095419604366e+00
1.000000000000001110e+00
1.000029724426374500e+00
1.000000000000000000e+00
2.365078301063330279e+00
1.000000000000055733e+00
1.000000000556929169e+00
2.337655266960991796e+00
2.511687195848729459e+00
1.000000000000000000e+00
1.000000000000000000e+00
2.250874698787086903e+00
2.152970942255079123e+00
2.009892716679348545e+00
1.000000000000000000e+00
2.640932411763503573e+00
2.630804395075949209e+00
2.043869956237185370e+00
1.000000000000000000e+00
2.508769577774023318e+00
1.000157474851936845e+00
1.000021647542580272e+00
2.837507868704326697e+00
2.606517269371264156e+00
1.000000000000000222e+00
2.848483731000065688e+00
1.000000187529200169e+00
2.822676919284779817e+00
2.756572289890118821e+00
1.000000000000000000e+00
2.557583396643493323e+00
2.301826325226553838e+00
1.000000000000694778e+00
2.816009347353267245e+00
1.000000000000000000e+00
2.566571696915112444e+00
2.111579778195253887e+00
1.000000000000000000e+00
2.787742006381733084e+00
1.000000000000000000e+00
2.120265207844082234e+00
2.585807304790367134e+00
1.000000000000000000e+00
2.842766696630854018e+00
2.311638954090481146e+00
1.000006571149120838e+00
2.701438103467068252e+00
2.772405530017969078e+00
2.582433472979910327e+00
1.000000000000000000e+00
2.057614490892308190e+00
1.121211011174610084e+00
1.085643731027196024e+00
1.000000000000000222e+00
1.000015840237331810e+00
2.073320278874768441e+00
2.119122889514489128e+00
1.000000000000000000e+00
2.213044373646025242e+00
2.562674092182356311e+00
1.000000031088381203e+00
1.000000000000000000e+00
2.203331745406496900e+00
2.672380783228412326e+00
2.075593730262206726e+00
1.000000000000000000e+00
2.789159566531933088e+00
1.000000000000000000e+00
1.000000000000000000e+00
1.000000822739439021e+00
2.556224507979793614e+00
2.384050330128060224e+00
2.343410059358921771e+00
2.039465112288206150e+00
1.000000000000000000e+00
1.000000000554047475e+00
1.000000000000049294e+00
1.000000000000005995e+00
2.150115755344205848e+00
1.000000000000000000e+00
2.816335135596296446e+00
1.000000000000124567e+00
2.128345415481977199e+00
1.000000000000000000e+00
1.070030198535527832e+00
1.000000000000272449e+00
1.000000000000000000e+00
2.732844435864049792e+00
1.595163915660392728e+00
1.000000000000000000e+00
1.000000639132921920e+00
2.198674105244996291e+00
2.139311975766621465e+00
1.000000004168065226e+00
2.344394358503416154e+00
2.246796759928591847e+00
1.000000000000000000e+00
1.000000000000000000e+00
1.000000000000000666e+00
1.000007674117370460e+00
2.221698699025096868e+00
1.000000000000000000e+00
2.121218538485203808e+00
2.122600745814588130e+00
1.005126524815582290e+00
1.000000000000000000e+00
2.372458343737903874e+00
2.300825100372414056e+00
1.373750064958758843e+00
1.000000000000000000e+00
1.000000000605816952e+00
2.560438226512653515e+00
1.000000000000000000e+00
2.355880100666114529e+00
2.536206909609918014e+00
1.000000000000001110e+00
2.430926552852535227e+00
1.000000000000000000e+00
1.000001609732670937e+00
2.711659568353923078e+00
1.000000000000000000e+00
1.000000000000000000e+00
1.077348876408696698e+00
2.771054864308806209e+00
2.291500446753268694e+00
2.844174998475121008e+00
1.000000000000363487e+00
1.000002597531884252e+00
2.107639289155146756e+00
1.000000000000000000e+00
2.698099250739634414e+00
1.001651832661084374e+00
2.011992450303044411e+00
1.000000000000000444e+00
2.027454358749754881e+00
2.843557194139856303e+00
2.539638879036846930e+00
1.000000000000000000e+00
1.000000001789575377e+00
1.000000000000000000e+00
1.000000000000000000e+00
1.000000000172001080e+00
1.000025971693325966e+00
2.202959669185220903e+00
2.160641860736565167e+00
2.218657461061591896e+00
2.457859750776886010e+00
2.088373475411848812e+00
1.000000000002958966e+00
2.202558091513155070e+00
1.000000000000000000e+00
1.000000000000000000e+00
1.000000000000003553e+00
2.651210037106480399e+00
2.151465098278188659e+00
2.096717967730076015e+00
1.000000000000000000e+00
1.000000000000000000e+00
1.000000000000000000e+00
2.187850643040857967e+00
1.000000000000000000e+00
2.127028298689709551e+00
2.126368160643824723e+00
2.294646972086621162e+00
2.557687602071662347e+00
1.000000000000000000e+00
2.043616274538108346e+00
1.045292813064078397e+00
1.000000000000000000e+00
2.752107988969189734e+00
1.000000002025650980e+00
2.027090656501623123e+00
2.284522420037086388e+00
1.000000000000000000e+00
1.000000000000000000e+00
2.838023084082558434e+00
2.158017181623243630e+00
2.682630280178356141e+00
2.018959033756847710e+00
1.000000024638916685e+00
1.000002951701462361e+00
2.445845230660773861e+00
1.000000000000000000e+00
1.000000000000041966e+00
1.000000000000000000e+00
1.000002906588152607e+00
2.189891951521994340e+00
2.809297639678729031e+00
1.000000000000308198e+00
1.000000000000000444e+00
2.629511607434596776e+00
1.000000000002031264e+00
2.132683351560591856e+00
2.460264533452669156e+00
1.000000000030964120e+00
2.562427274224555074e+00
2.048019789284190928e+00
1.000000000000000000e+00
2.839028346896560251e+00
2.735788767755344963e+00
2.058367897973379712e+00
2.010446535488730646e+00
1.000000003835357809e+00
1.000000000000000000e+00
2.365639633154585031e+00
2.492325889267342109e+00
1.000000000000004219e+00
2.607936138295482209e+00
1.000001522021756850e+00
1.000000000000000000e+00
2.853885716319645383e+00
2.207506950571523685e+00
2.343405956170420357e+00
2.206067426798822950e+00
1.000000000000000000e+00
1.000000000000000000e+00
1.000446351866320915e+00
1.000000027119470669e+00
2.257297530034601429e+00
1.000000000000000000e+00
1.002578268366591585e+00
2.498520049380154262e+00
1.000000000000000000e+00
1.003693798389625913e+00
1.000000000004686473e+00
1.000316749054295684e+00
1.000010389250236331e+00
2.372056833088000971e+00
1.000000000000000000e+00
2.017184949385071313e+00
1.000000000000000000e+00
1.691823085459262632e+00
2.050800425021560347e+00
1.008683337471889541e+00
2.522876923154845574e+00
1.000000000000000222e+00
1.000009719659208374e+00
2.038641614097790544e+00
1.000000000000000000e+00
2.411337232415723619e+00
2.036495510651581853e+00
2.204693433640401157e+00
1.000000000098130393e+00
2.483986908637785262e+00
2.823114249871861769e+00
1.000000000000000000e+00
1.000000000000000000e+00
1.006693285109754532e+00
1.000000000000000000e+00
1.000000000000000000e+00
1.000000000000000000e+00
1.000000000000000000e+00
2.489841093900534652e+00
1.000000000000000000e+00
2.533678178618858912e+00
2.289013499808566721e+00
2.048259566156377609e+00
1.000000000000374145e+00
1.000000003410365990e+00
1.000000000000000000e+00
1.000597633770900385e+00
2.090609744249519508e+00
1.000000000000000000e+00
1.000000000000000000e+00
2.223818625733282595e+00
2.549038359639293816e+00
2.865306377979845109e+00
2.320592439604274304e+00
1.000000000000000000e+00
2.726009909374364160e+00
1.000000000000000000e+00
2.772433264442924816e+00
1.000000000000000000e+00
1.000290791259525358e+00
1.000000000000000000e+00
2.001960800697695220e+00
2.322809845802372486e+00
1.205680116854055184e+00
2.559248385646847979e+00
1.000053482979050612e+00
2.798128695620709649e+00
2.281046686371988486e+00
1.000000600007003859e+00
1.000000000073008710e+00
2.376680345605004518e+00
1.000000000000000000e+00
1.000000000000000444e+00
1.000414821639045160e+00
2.724467984131610176e+00
2.821656968947229949e+00
2.264990962658425033e+00
1.000000000000000000e+00
1.000000000020266011e+00
1.000000000000000000e+00
1.000000070932910212e+00
2.548786671229996692e+00
1.005001750049952625e+00
2.033420494777287146e+00
2.292265581725786650e+00
2.485718076222288353e+00
1.000000000000000000e+00
2.373096642971022519e+00
1.000000000000000000e+00
1.873063848401954612e+00
1.000000000000005329e+00
2.190565204339855576e+00
2.162924040633121603e+00
1.000000000903268571e+00
1.338974880722765715e+00
1.001818073221480976e+00
2.531065793196027869e+00
1.000000000000000000e+00
1.000000000000000000e+00
1.573944892774644000e+00
1.000000001046447373e+00
1.000000000000000000e+00
1.000000000000000000e+00
2.107348274504564856e+00
2.367065569272971182e+00
1.000000000000000000e+00
2.071553582725034204e+00
2.243383618066285834e+00
1.000000000000000000e+00
1.000000000000013101e+00
2.225118135142292175e+00
2.225459751434260003e+00
2.005321987961787400e+00
1.000000000000000666e+00
1.000000000000001110e+00
2.269653216301363408e+00
2.322475837252622188e+00
2.256025983622356179e+00
2.187533461354523645e+00
2.576463556752631945e+00
1.000000000000009992e+00
2.633096759076796189e+00
1.000000000000000000e+00
1.000000000000473621e+00
2.731331950762965199e+00
2.549474878769719233e+00
2.432964749135278382e+00
2.115584470087831015e+00
2.756729175806670540e+00
1.000000000000000000e+00
2.150946516098374062e+00
1.000415522565249571e+00
1.000000000000003331e+00
2.736701037986431828e+00
2.567763335980373984e+00
2.203319225584162488e+00
1.000000000705676628e+00
1.000000000000000000e+00
2.676083673173551780e+00
2.810848099358533414e+00
1.000000000000045297e+00
2.771258079053260381e+00
2.484112483972017671e+00
2.340645876620594645e+00
2.029949588471599231e+00
1.000150048944896675e+00
2.418588278948784698e+00
2.142524772490847607e+00
2.353321286514786337e+00
2.179318260193292112e+00
1.000000000000000000e+00
2.432969039136704037e+00
2.250486777835799312e+00
1.000000000000000000e+00
2.541791315064140910e+00
2.389490607158929691e+00
1.000000000000000000e+00
1.000000002657607689e+00
1.000000000000000000e+00
1.000000000000000000e+00
2.599885840130624182e+00
1.000000000000764500e+00
2.721958758201638240e+00
2.681544822194074307e+00
1.000000000000000000e+00
1.000000000000002220e+00
2.294147790744680115e+00
1.000000002422322787e+00
1.000000000000000000e+00
1.000000000000000000e+00
2.199566692858809791e+00
1.000000959064629935e+00
1.000000000000518252e+00
2.571752221096710755e+00
2.050308863691655326e+00
2.002885011761941669e+00
1.000000000004485079e+00
1.000000026410360121e+00
2.832226847512256285e+00
1.000744778353535702e+00
1.199081124417138877e+00
1.000000000000000000e+00
2.542447207008660559e+00
2.472800496605698228e+00
1.096205413513590798e+00
2.078430410609695578e+00
2.431308195321603804e+00
1.000000000000194511e+00
2.065386347027606817e+00
2.025530834622535359e+00
1.000000000000000666e+00
1.000007676131927203e+00
2.145449915541217223e+00
2.619335351167635828e+00
1.000000000303292280e+00
1.000000000000000000e+00
2.083997146041486559e+00
1.000000000000000000e+00
2.484211345974842722e+00
1.000000000000000888e+00
1.000266300502998584e+00
1.000000000000000000e+00
2.113916072781417022e+00
1.000000000000000222e+00
1.000000000000055511e+00
2.462723152471424370e+00
1.000000000000000000e+00
1.000000000000000000e+00
1.000000000000000222e+00
2.368025484669618042e+00
1.000000000000000000e+00
1.000000000000000000e+00
1.000000000000000000e+00
2.027004458729550151e+00
1.000000000000000222e+00
2.616236275162088898e+00
1.000000000000000000e+00
1.000000000000000000e+00
1.000000000000000000e+00
2.092909978404185800e+00
1.000000000000000222e+00
1.000000018067856766e+00
1.000000000000004441e+00
1.000000000000000000e+00
1.000000000008001821e+00
2.206499467386844771e+00
2.056948968431830060e+00
1.029130285491311136e+00
1.000000000000000000e+00
1.000000000000000000e+00
1.000000000000000000e+00
1.000000079800333896e+00
2.806298693259098087e+00
2.231724212380354899e+00
1.000000013471272542e+00
1.000000000000000000e+00
2.332525992413590821e+00
2.860800648114468103e+00
2.430054046658903122e+00
1.000000000000000000e+00
2.015400861300845392e+00
2.097228600807864662e+00
1.000000000000000666e+00
2.100467024705551466e+00
1.021661573190473238e+00
2.102310486258501143e+00
2.224987304506002239e+00
2.356405388469605455e+00
1.000000000000000000e+00
1.000000000000022871e+00
1.000000000000000000e+00
1.000000000000000000e+00
2.676550441761477828e+00
1.000000000000000000e+00
1.000000000000000000e+00
1.000000000000051514e+00
2.115849955593468668e+00
2.365421824713910937e+00
1.008441833472494498e+00
1.000000000000000000e+00
2.498116200723579539e+00
2.054372052303692797e+00
2.236746797922126717e+00
2.052430903505580773e+00
2.188465611022722079e+00
1.000000000000000000e+00
1.000000000000000000e+00
1.000000000000000000e+00
2.073243881634482477e+00
2.114802263556414985e+00
2.060477349500950517e+00
1.000000000001300959e+00
1.000000000000000000e+00
1.000000000000000000e+00
1.000000000000000000e+00
2.048260575838036779e+00
2.437011952381738844e+00
2.313811880179148073e+00
1.000000000000000000e+00
1.000001781907648546e+00
1.000012480813069260e+00
2.280066843302525292e+00
2.125600435239587860e+00
2.468318259709197715e+00
2.381375141956167063e+00
1.000000004765855932e+00
2.277608990416897683e+00
2.679316780685742749e+00
2.536081325491871485e+00
1.000000003348207267e+00
1.001684692446608738e+00
2.215970756125915653e+00
1.000000000000000000e+00
2.162181973408544344e+00
2.320407671681216311e+00
2.539036426105446331e+00
2.138365801947580191e+00
1.000000000000003109e+00
2.537339806684204557e+00
1.100802425988392397e+00
1.000000000000000000e+00
2.373120726641735789e+00
2.079094143495765934e+00
1.008214005435115412e+00
1.000172796217702054e+00
1.000000000000000000e+00
2.368422759897218732e+00
2.569388264852808135e+00
1.000000000000000000e+00
2.631411023009536887e+00
1.000000000000000000e+00
1.000000000000000000e+00
1.000000000000000000e+00
1.000000000000436984e+00
1.000088152030369715e+00
1.000000000000000000e+00
2.645728013298632497e+00
1.000000000000000000e+00
2.766050043258013957e+00
1.000000000000000000e+00
2.421820165105475819e+00
2.128001678272591679e+00
2.188049465400287996e+00
2.133422786048710051e+00
1.000000000000000000e+00
2.281879589275171316e+00
2.832849744798585867e+00
2.234356848989550670e+00
2.219619539699441813e+00
1.000000000065477845e+00
1.000000000000154099e+00
1.000000000000000000e+00
2.331056316795416805e+00
2.377268160246010620e+00
2.318810483339261097e+00
2.088999666617288753e+00
1.000001421115878530e+00
1.000000000000000000e+00
2.782693007513979300e+00
1.000000000000000000e+00
1.000000000000001776e+00
2.257463225945505414e+00
1.000000000000000000e+00
1.000000334021774462e+00
2.189892835449858577e+00
1.000000005064065167e+00
2.866012463859775927e+00
2.822024829786014877e+00
1.237785842817871185e+00
1.000000000000000000e+00
1.000000000000000000e+00
2.344756052327172213e+00
1.001199220296780323e+00
2.761002096798652605e+00
1.007087674958277779e+00
1.000000000000000000e+00
1.000000000000000000e+00
2.227355426947307038e+00
1.000000000000000000e+00
2.017828108347260674e+00
2.698258974107433428e+00
1.000000000000000000e+00
1.000000000000000000e+00
2.174120704925820213e+00
2.169849207101544053e+00
1.000005674430083369e+00
1.119053609877772804e+00
2.865537926340467667e+00
1.000000000000000000e+00
2.246655561658164935e+00
1.000000000000000000e+00
1.000000000000000000e+00
2.404471214333956830e+00
1.000000000000000000e+00
2.086803538132308677e+00
1.285836886901964515e+00
2.317198416515532600e+00
1.000000000000000000e+00
2.040775131242036800e+00
1.000001425209326777e+00
2.156434942442174041e+00
2.093734101606119946e+00
1.000000000000000000e+00
2.149976034359266208e+00
1.000000000000000000e+00
2.148203082125546004e+00
1.022856497382849339e+00
1.000000000003267830e+00
2.195047164808096696e+00
2.058081111727719570e+00
1.000000000000000000e+00
2.798119806741597770e+00
2.729877409046836512e+00
1.000000021192665622e+00
1.000000000000000000e+00
1.000000000000000000e+00
1.000000000000279332e+00
2.018073674582050003e+00
2.780601592186872750e+00
2.240843935326323866e+00
1.000000000006833645e+00
1.000000000000000000e+00
2.265420889986939912e+00
1.000000000000000000e+00
2.035407711802219133e+00
1.000000000000000000e+00
1.000000000033956393e+00
1.004092662383395673e+00
2.768958104014569876e+00
1.000000008132146068e+00
1.096740573238595085e+00
2.433953370160531371e+00
1.000000000000000000e+00
2.500346672748427146e+00
2.240002031994120735e+00
1.000000000000000000e+00
2.434572028561559520e+00
2.222425259861307456e+00
1.009148826332615823e+00
1.000000000004177325e+00
2.471737164089249816e+00
2.571650222521227214e+00
2.420488498183202886e+00
2.284571396712950175e+00
1.000000000000000222e+00
2.314171961780385089e+00
2.427911122482769635e+00
1.000000000000000000e+00
2.025828500880508365e+00
2.701561463123316909e+00
2.729147474991158617e+00
2.529495722092229393e+00
2.687883154701688149e+00
2.111592665564324456e+00
2.786725970758030968e+00
2.111182262370629559e+00
2.085686429555041244e+00
2.375941966088230384e+00
1.000000000000002665e+00
2.202199009828555099e+00
2.251953606688686271e+00
2.650622190557294200e+00
1.000000000000000000e+00
2.219236183991229350e+00
2.649968046962039914e+00
2.427475115798815697e+00
1.000000000000000000e+00
1.000000000000000000e+00
2.073159898019759417e+00
2.128121227870532373e+00
2.159208013860415498e+00
1.000000000000000000e+00
2.005582904536345801e+00
2.718395359928025279e+00
1.633577648986559883e+00
2.046964702595297503e+00
2.642078916799778021e+00
1.253785414479668514e+00
2.319002935098876783e+00
2.082892417920573003e+00
1.000000000000000000e+00
2.327814763217830318e+00
1.000000005845099071e+00
1.000000000000000000e+00
2.775019379329761726e+00
1.000000000000000000e+00
1.000000000019525492e+00
2.061004072472807369e+00
2.652414860941079144e+00
1.000000000003719691e+00
1.003168177740998646e+00
2.300267193816988076e+00
2.223599441521734832e+00
2.257326427061761454e+00
1.000000002898863372e+00
1.000000000000000000e+00
2.049602772167947062e+00
1.000000000000000000e+00
2.476540896388492285e+00
2.282049703936333884e+00
1.000000000000000000e+00
2.257111772222513579e+00
1.000000000000000222e+00
1.001092325879396672e+00
2.059495053325663516e+00
2.129921670831619984e+00
1.000000000000000000e+00
2.470219049666793509e+00
2.767406716431021874e+00
2.695378820381496787e+00
2.336157693612571862e+00
1.000000000000000000e+00
1.000000000745102646e+00
1.000000000000000000e+00
2.278832641205118748e+00
1.000000052816840013e+00
2.140318408461114430e+00
1.000000000000000000e+00
2.086172566711475884e+00
1.000000000000000000e+00
1.000000000000000000e+00
2.025449932439141509e+00
2.297643395382531928e+00
1.000000000000000000e+00
1.007219173293806058e+00
1.000160246048523938e+00
1.000000000000000000e+00
2.460229397620384617e+00
1.000000000000000000e+00
1.000000308108715208e+00
1.000000001598287280e+00
1.000000000001723732e+00
1.000000000000969003e+00
1.000000000000000000e+00
1.168033128675443066e+00
2.230177344563108122e+00
2.167826299831905779e+00
1.000000000000000000e+00
2.466552769750268936e+00
1.000000000038504755e+00
1.003723596340582391e+00
2.175744545195331003e+00
2.842157994200940063e+00
1.000000000319185345e+00
2.118276621793161674e+00
2.272138146340220821e+00
2.604995645980837438e+00
1.015159695988644195e+00
1.000000000000000000e+00
1.000000000275971024e+00
1.000000000001951328e+00
2.346221283384688050e+00
2.309787599317580487e+00
2.758210972281041951e+00
1.000000000000020872e+00
1.000000000000000000e+00
1.000000000000000000e+00
2.249750228476528946e+00
2.513862792343525498e+00
2.856849120889493499e+00
2.381204918117719949e+00
2.023328109310989387e+00
2.091423548088272355e+00
1.000000000000000000e+00
2.830551421062966089e+00
2.331134112242305712e+00
2.212991404818456243e+00
1.067616862169786351e+00
1.000000025540725979e+00
1.000000000000000000e+00
2.413276242444125863e+00
2.022850818573012077e+00
2.493430836674671802e+00
2.863528106728267630e+00
2.367792090118831183e+00
1.000738130170053530e+00
2.139354928232335418e+00
2.259048813003691869e+00
1.000000000000000000e+00
1.000000000000000000e+00
1.000000000000000000e+00
2.193785206701700297e+00
1.000000000000000000e+00
1.000000000000242695e+00
2.533126928292599001e+00
2.402765212723522836e+00
1.070257067392085926e+00
1.000000000000000000e+00
2.119669294303649032e+00
2.475650320567325480e+00
1.000000000000000000e+00
2.406741568642373430e+00
1.000000000000002442e+00
2.735370349485046759e+00
2.041983124010337214e+00
1.000000000008573808e+00
1.000000000000000000e+00
2.331554800209189704e+00
2.082895861497423340e+00
1.000000000000000000e+00
1.000000000155959468e+00
1.000000000000000000e+00
1.000000492094731852e+00
2.857489857496475771e+00
1.000000000000000000e+00
1.000000000000000000e+00
2.016851641805315509e+00
2.574542436658552091e+00
1.000000000000009548e+00
1.000000000000000000e+00
1.000000000000000000e+00
2.240887195808650922e+00
1.000000002577894342e+00
2.268754883069851402e+00
2.175249823968889995e+00
2.007854096779828623e+00
1.000000000000000222e+00
2.391334415940331581e+00
2.156830061115241115e+00
1.000000000000000000e+00
2.197734609694462105e+00
2.123060884737985710e+00
1.003534656980795914e+00
2.022104256863050065e+00
1.000000000000774714e+00
1.000000000000000000e+00
1.000000000000000222e+00
2.508983581391045270e+00
2.435949483114223213e+00
1.000000000000000000e+00
2.599720147660526948e+00
1.000000000000000000e+00
1.000000001207109301e+00
1.000000000000000000e+00
1.000000380334642891e+00
2.209086716159501584e+00
2.594912563529513605e+00
2.273405143975191223e+00
2.249345222689581369e+00
1.000000000000000000e+00
1.000000000888302321e+00
2.143605772611607563e+00
2.293389600017378349e+00
1.000000000000000000e+00
2.308635967498179564e+00
1.014408085589832309e+00
2.488811229661513025e+00
2.132461662553161830e+00
2.241907046110260815e+00
2.035804466859788331e+00
2.158802209071983391e+00
2.851968662140389466e+00
1.000000004809097565e+00
2.359574437014373860e+00
1.047264102438800082e+00
2.172223504120546878e+00
1.000000000000000000e+00
2.374667899523420278e+00
1.000000000000000000e+00
1.000000000000480505e+00
2.228685893206684199e+00
1.000000535841935934e+00
2.471546592899599659e+00
1.000000000014314772e+00
2.284948613414260699e+00
2.081669621271383441e+00
1.000000000510465892e+00
1.000000304426390985e+00
2.085659547313774453e+00
1.000000000000000000e+00
2.056809301378477617e+00
1.000000000039216186e+00
2.167502585566478679e+00
1.000000000000000000e+00
2.018049724517555710e+00
2.142388852096622998e+00
1.000000000000000000e+00
2.179722022773371570e+00
2.028963573000761134e+00
1.000000000000000000e+00
2.391226070877171317e+00
2.009942654501382542e+00
1.000000000000000000e+00
2.695289983321044414e+00
2.534252473323450161e+00
2.687401404903096758e+00
1.000000000000000000e+00
1.000000000000000000e+00
2.218250417562956933e+00
1.000000000000000000e+00
2.512857178080870391e+00
2.831918653658139107e+00
2.025541434577296851e+00
1.000000000000000000e+00
1.000003482560146706e+00
2.841104962203344186e+00
1.000000000000000000e+00
2.400216598069985885e+00
1.000000000784323939e+00
1.000135903586845121e+00
2.099016817356099907e+00
1.000029510725805260e+00
1.000620198611900769e+00
2.042073313519797928e+00
1.000000000000000000e+00
1.000000000000000000e+00
1.000000000000000000e+00
2.453368145499625896e+00
2.228065625094333591e+00
2.865400851506007651e+00
