# ['A']
2.206001691070309887e-03
8.343017170829758467e-01
2.072290317030707207e-01
1.576327107396857385e-01
2.733312159832532173e-01
3.940061348734411745e-02
9.155730586250064584e-02
7.583020876639242625e-01
5.048149638621076685e-01
2.796509845344876122e-01
8.321490164984738369e-01
6.885652825526317189e-01
8.752102424530419089e-01
9.421045245941447321e-01
4.312515049153894386e-01
3.808952906297073948e-01
2.364320948990298599e-01
6.701081537906029562e-01
3.751156804780738513e-02
1.041419430582497113e-01
2.322786348365476951e-03
6.139186829087674990e-01
2.322646321478958886e-01
9.452571830949599296e-02
2.409176759232831977e-01
6.778675380918305349e-01
5.217142586937146831e-01
3.525651013157551916e-02
6.118740686499735126e-01
6.637243774954832976e-01
2.594323475502764431e-01
5.411082329206386987e-01
6.403104713546806659e-01
9.483985997186055172e-01
8.631826265619684246e-01
2.621715812488634723e-01
9.490401608584931870e-01
3.900963494498972395e-01
4.123974229894267762e-01
7.792443084904795425e-01
1.910920333017472883e-01
7.964530176100748093e-02
9.345047308323026769e-01
4.969301252534783497e-01
6.769556311906019808e-01
2.738152921928462269e-01
5.337065858079167308e-02
5.485385444413984346e-02
8.283068624000693436e-01
7.201181629152727526e-01
5.697760761320145306e-01
2.350283091852848616e-01
1.494109653050009756e-01
7.905873361890132234e-01
9.055588187329708383e-01
9.798101999340201873e-01
5.603794104522356045e-01
4.814454747910432708e-01
3.645229028140450911e-01
7.383247681137378171e-02
7.417297802911767546e-01
2.325927431168487713e-01
7.069744809410893893e-01
7.184828033051495755e-01
6.292603693717488955e-01
7.998461164724315342e-01
5.775359078910471955e-02
3.066999482350331596e-01
1.954981243870639561e-03
9.452150560691919834e-01
7.784274917713314146e-01
6.126526009298212117e-01
7.212570249500725728e-02
5.870851100819776125e-01
2.882084260588931857e-01
3.992691385533700399e-01
3.562199323283227193e-01
7.656167947417771291e-01
3.753512087672214448e-01
1.788273847408543837e-01
1.191022249315730336e-01
7.457473302472349408e-01
2.643638329865709014e-01
2.924457679302568391e-01
7.315051903938073474e-01
5.025432651226577896e-01
1.673012240969034420e-02
8.545733041384668827e-01
7.411166538898786849e-01
1.184980124795531331e-01
1.243690830557289267e-01
1.720234296903221938e-01
3.258047863323762505e-01
9.766587016578388569e-01
3.826668944472241818e-01
5.383691860237848487e-02
8.561247325114391682e-01
2.619556107234133346e-01
4.248022649093387004e-01
2.378552587141202490e-01
7.325587105304123270e-01
2.882536157174093172e-01
3.509622685552759580e-01
7.475767671231854372e-01
6.615125157612161688e-01
2.112285438710017893e-01
7.644562081349234872e-02
7.994405842324990852e-01
8.673245468303950600e-01
9.902041904887909363e-01
8.332712148830392906e-02
6.094095760766360392e-01
6.131942989285334988e-01
9.579737342040933745e-01
2.006434979154586018e-01
6.627917308953986675e-01
4.360928249079601970e-01
4.226546037313645976e-01
5.434074034284321897e-01
6.224645128577402931e-01
2.523006436259880858e-01
5.395539730401641698e-01
3.904684038625336751e-01
5.482492935478955332e-01
5.149985866508748344e-01
1.731575690708384019e-01
6.420201971816819064e-01
7.681516194765629635e-01
3.054599234979663014e-01
5.503699911680831613e-01
1.861163617774241053e-01
6.383365670374669953e-01
8.996205397183340002e-01
2.165524629013363123e-01
5.592880271947432425e-01
1.746966616252000060e-01
8.926457708389169410e-01
6.305936376194487547e-01
2.258927204774374142e-01
5.416074092660669859e-01
7.624049262042705832e-01
4.145779101834196623e-01
5.877369696203593730e-01
5.157695209336981002e-01
6.319380969462794484e-01
2.008758883626023950e-01
9.455241097881527113e-01
4.814598369701877933e-01
4.789883280555922163e-01
2.486241896916861205e-01
4.205388741088956217e-01
9.316883503294703939e-01
8.935569179840755494e-01
1.088947296546343840e-01
8.243721513618817998e-01
6.399286992958579390e-01
3.782762520367540793e-01
1.700821385570456257e-01
8.310260273755103455e-01
5.979496978058818080e-01
9.297190675853246322e-01
2.357653506557677234e-02
5.588395613698801112e-01
1.915829386923672550e-01
1.397000101986826393e-01
4.004954748856746627e-01
6.425808065336814368e-01
7.225170777622451634e-01
7.443743576530922335e-01
9.620332497727313026e-01
2.082431140548400839e-01
3.509270155801830215e-01
2.874130346115649770e-01
2.730490611510563714e-01
8.694776985301976291e-01
2.416408247081182348e-01
5.502667841286696948e-01
2.937402493302879725e-01
8.862534347009741742e-01
2.238005949064277300e-01
4.775743502876568791e-01
2.990788160786735927e-01
6.245140707967034022e-02
5.770803534335429141e-01
4.941632360334271556e-01
1.512811519476318645e-01
3.987833999959128906e-01
8.342551120645176344e-01
8.777227144717049123e-01
3.646355274754563003e-01
7.438293635159276551e-01
8.020553406453134748e-01
2.395155513218822640e-01
1.752871096617949487e-01
2.577608246406747905e-01
4.156292281552728674e-01
8.185324260376063421e-01
3.443891577012894722e-02
8.918867871655301593e-01
8.907886474584285619e-01
4.596786969576360793e-01
2.277063588258211591e-02
7.286195639836244853e-01
7.687428538346233742e-01
4.900323160168292835e-01
1.462594107591384807e-01
3.515340540225361243e-01
6.408456178152749372e-01
2.108144299306664027e-01
7.375283400860599414e-01
6.509539786585737398e-01
2.615559609703742572e-01
6.988478884582863815e-01
6.248733931791346924e-02
4.050453464318679586e-01
5.842264192508235254e-01
1.236723502750046028e-01
1.412856637130819604e-01
4.782712594953173468e-01
5.646002997200179063e-01
7.742931893782321051e-01
5.411128045907976913e-01
3.010410644864646712e-01
4.082884727202827357e-01
9.028209903629828004e-01
2.001190654223968315e-02
5.888927757987473255e-01
4.520054396524703089e-01
9.881496642593992075e-01
2.550989362779711445e-01
9.732792425123754088e-01
5.413305537114720956e-01
6.495029538636257760e-01
2.571201767790289635e-03
3.588932140476492894e-01
1.331184780512747745e-01
1.411424439009823784e-01
3.429758982213803042e-01
4.238881467635717271e-01
8.312830642753902266e-01
8.615922222255375518e-01
8.205751262778007149e-01
6.859370385020462368e-01
9.188022517928345900e-01
3.153312079760013931e-01
8.315606597779569009e-01
1.121028488402902729e-01
1.379995917752441792e-01
2.695196982509699968e-01
6.056163939116312456e-01
8.684588021776102895e-01
9.118114496379982059e-01
6.770019087807699343e-02
3.186383182088664556e-02
1.109298696207169921e-03
8.418566811059963184e-01
1.031926992244368568e-01
8.872891667073545818e-01
8.878091861442588550e-01
7.724113380408792473e-01
6.419772476242282533e-01
2.039852440064293393e-01
9.582065979591853910e-01
4.745448112027031984e-01
3.318908074309858541e-02
5.707269844727709263e-01
3.597349164470076688e-01
9.736238896438830226e-01
7.784994519372642197e-01
1.344737604013445387e-01
9.645307679754031027e-02
5.432338042856453830e-01
8.635450456773497985e-01
5.943071946734961308e-01
9.813937232717327985e-01
3.766983384415126812e-01
4.091547370428265107e-01
6.916369600241764060e-01
2.513399845687237441e-02
2.863271493288550573e-01
8.837549846238014484e-02
4.090503570668813649e-01
8.404124414161278089e-01
5.524903380544667897e-01
2.999167983844754914e-01
2.539812544458933119e-01
6.136807839481042137e-01
3.127686926885276941e-01
8.828592727369189985e-01
6.848074284422102087e-01
3.313141284646027307e-01
6.400297893810336092e-01
9.541804555837741786e-01
5.015339238575081127e-02
5.428935409071896645e-01
5.761006125314701576e-01
9.448510313992460885e-01
5.001431498468534853e-01
3.640705960288229681e-01
2.888386031245799776e-02
7.322575998252411900e-01
6.700949217483895826e-01
2.706820269742688523e-01
6.219152395150809864e-01
4.046655686858105505e-01
7.824377322279044145e-02
5.374565221524384429e-01
8.281525829120000015e-01
7.443766312088190285e-01
8.291410395306234582e-01
4.180053701371877484e-02
1.349211217056716372e-01
4.431462629392843855e-01
3.773493483482443511e-01
7.953566885417163723e-01
8.786892798482864864e-02
4.550208299494110653e-01
6.673250720943352254e-01
7.022373816641726274e-02
4.574567890467073905e-01
3.184628883023203350e-01
4.408241986022735093e-01
4.176815292893772957e-01
7.288327829317116091e-01
1.972038102787707914e-01
9.831053837402327078e-01
3.920803140873288517e-02
4.956643743667055735e-01
9.516554963131861333e-01
4.632546872714223829e-01
6.566518835061110337e-01
2.487572126084938162e-01
4.172301788841621395e-01
9.627960081963821137e-01
2.245351266787937172e-02
7.085478771705882028e-01
9.647895140147404458e-01
8.300867026212231936e-01
3.391599486407381181e-01
6.738603920119631274e-01
5.481094274694396917e-01
2.182919754721209249e-01
2.383752284283795486e-01
4.614876208122827284e-01
2.245339254691640640e-01
2.180874185225691320e-01
2.110077516015892996e-02
2.348911427951447806e-01
6.712125233268266822e-01
2.269302577595088133e-01
6.520272726157676502e-01
7.757870651847411647e-01
9.539621981859613964e-01
3.012407718356695518e-01
3.632730209483437389e-01
1.842323732971296035e-01
4.451221811361419367e-01
9.169182700528033525e-01
1.833959408341984121e-01
5.456543146407289574e-02
8.171145453852071139e-01
6.455618051341415198e-01
5.311092341756709079e-01
7.572358965644674367e-01
1.797927471502221430e-01
5.793670351777208127e-01
2.466570539404197918e-02
5.641588262832262224e-01
1.828063471390138639e-01
4.402453335132657242e-01
2.278786212780413434e-01
9.980430365176663488e-01
5.046475826477488935e-01
4.853388294982105000e-01
6.413346382683399183e-01
4.287804369086907208e-01
5.172536835178147552e-01
7.806116753106541184e-01
3.983550950488506381e-01
3.371488365870257131e-01
7.263850342546526173e-01
8.392176924266614435e-02
2.555400663678648043e-01
4.426503102276883594e-01
5.798853666552648001e-01
5.485750613290829580e-01
7.905194815767403460e-01
1.989273278695737612e-01
3.284299248823932538e-01
2.443716110242264705e-01
3.838735100909145270e-01
6.456667133387352653e-01
4.595116168922137589e-01
9.676603135449818316e-01
7.738347396550842028e-01
6.730752058542447402e-01
1.518115429744769720e-02
7.282808570824699235e-01
6.399545352571328616e-02
4.982570798582752758e-01
2.722979400864474764e-01
8.399371965137181206e-01
8.599013908557413544e-01
3.542482761904124922e-01
4.892305031838748985e-01
4.526547987502080872e-01
6.531397960416223114e-01
3.288680742504165172e-02
1.785583463335433385e-01
4.938163778914946289e-01
3.552479730616756037e-01
2.804567107803046869e-02
1.024067160028072770e-01
9.030582545924015214e-01
7.314938086925971694e-01
1.853127004606927031e-01
9.332244473084876368e-01
8.042570172793519490e-01
1.647425271978775196e-01
2.783274195789683936e-01
8.162478142435254380e-01
8.160202722526095354e-01
9.947061856544316960e-01
2.590498043834400521e-01
2.613419633415883792e-01
7.876166398515556111e-01
7.561574826784361880e-01
7.961618732727314685e-01
8.420815349989216880e-01
6.343311863708946952e-01
2.765465330973416180e-01
6.123335597504525607e-01
9.213586327266674869e-02
3.028466492719138481e-01
5.775848894680505330e-01
6.453799370117349055e-01
6.978538729604619739e-01
8.963911087084862617e-01
5.150058144521504344e-01
2.037280614833022752e-01
8.688501038170982627e-01
4.426617396560604267e-01
2.691551180562906098e-01
5.757976979562217101e-01
6.378513746324178113e-01
8.310346737080849255e-01
3.525708815868016655e-01
6.699371652386884590e-02
5.966286222887644541e-01
5.520013044080618325e-01
2.868510376747878676e-01
5.645351807004016509e-01
6.738033746060000384e-01
7.459091303967079201e-01
9.709213064339944355e-01
4.357657731535148349e-01
7.049261683883250029e-01
8.752545450895339307e-01
7.389228337457867113e-01
8.479475250693553345e-01
1.832593080945651154e-01
6.978517837359021758e-01
7.996885834576248353e-01
2.547121800938433045e-02
6.485962075545574912e-01
7.196882043302759158e-01
2.262400375370298908e-02
3.615792429134523922e-01
1.208663012207309914e-02
1.729142892235227547e-01
6.250445924142818965e-01
3.061111275652300678e-01
5.807308037915277499e-01
5.121707408945512796e-01
1.042908360246252719e-01
2.661628316682491113e-01
7.727092741274773635e-01
3.609496279463625390e-01
1.869852002042561301e-01
1.734070031891526142e-01
8.336343497640785749e-01
4.015348809402805585e-01
3.034617591283569893e-01
6.362325977614829986e-01
9.521008862908877379e-01
9.971232875872050316e-01
3.181634824894764013e-01
3.771695335325704890e-01
5.451608451818468204e-01
4.466122958587771530e-01
4.850940309038079823e-01
1.356046130861744137e-01
6.483204061950883501e-01
6.789785869182333178e-01
4.798108452137947455e-01
9.272735543822852033e-01
6.986615484131938336e-01
2.967760246988763728e-01
9.386266332302526383e-01
9.751047615921440981e-01
2.570964229780319799e-01
4.156310065441546908e-01
8.730194017496667458e-01
6.175372984002868160e-01
3.468317352800712738e-01
1.940579366242626419e-02
9.225116538837532243e-01
4.713512375324190734e-02
6.737584931601487970e-01
2.605209951136115976e-01
4.396496993499298678e-01
2.355180481924127045e-01
8.977337022375736497e-01
2.482727360183018261e-01
2.882369153181679189e-01
6.836563694977473293e-01
8.841096838833073512e-02
2.004784821866368305e-01
2.482736636580734901e-01
7.309805345048100422e-01
1.618547382135404888e-01
1.935763482251013912e-01
4.793321515332203686e-02
9.737056071178545880e-01
2.477289339338643870e-01
6.187214065900656923e-01
1.191135950248930764e-01
1.008610928016704794e-01
1.936070872015149269e-01
9.149884434765171992e-01
2.507128252577336402e-01
3.745930236579511075e-01
2.709957538689647394e-01
1.002714878884066324e-01
3.221050989009831000e-01
8.288441288464869494e-01
9.461194720532970504e-01
4.715068788968345692e-01
1.295056555905094442e-01
1.050164363927881400e-01
3.188087801877774463e-02
3.846726623160505731e-01
5.534354588984551349e-01
8.118700517118692117e-01
3.726002973904473103e-01
2.433469731146468973e-01
7.504544044118118817e-01
5.249328297805400112e-01
6.992742703230264700e-01
2.239219449934339579e-01
9.848327277553075021e-01
9.113871068104884010e-01
2.587484079589575936e-01
9.087051020611608410e-01
4.694791663819607996e-01
9.071854186874638293e-01
8.163349908375316932e-01
7.372427214612230495e-01
1.213732083495272507e-01
2.821416430831688027e-01
1.456999200615801127e-01
2.612003414167214654e-02
5.964625072168563413e-01
1.384807758909542275e-01
1.648921666015227064e-02
2.877061669946310296e-01
8.961778373402780051e-01
7.323744076007598913e-01
4.630631274305415102e-01
6.422928858399186425e-02
6.675049635700890382e-01
9.484318157097434421e-01
8.085729445025545692e-01
9.501811441198305674e-01
8.414210648800013459e-01
9.848639939368458718e-02
2.855504196878829587e-02
4.392615693155931672e-02
9.317546711536464077e-01
8.970200659710042546e-01
9.429715782902758914e-01
3.097336548046287219e-01
3.500589124418017339e-02
1.174231864952861443e-01
5.796686604738999354e-02
9.539612793322360673e-01
6.958884359607463432e-01
7.611439773734139935e-01
1.072062464558356382e-01
4.057341163221230840e-01
4.189241451187211140e-01
7.812092042162712691e-01
8.884147239931964313e-01
6.810512594159564559e-01
7.239163132644012011e-01
3.655456480984158318e-01
7.827120875798542210e-01
5.954799052124585268e-01
6.510071981601118773e-01
3.631480979343512661e-01
4.521388249165002593e-01
8.223881988626118300e-01
1.963461264857358501e-01
8.604504482780060970e-01
7.573418584631097517e-01
6.497572005849459043e-01
8.784522499614305646e-01
2.685436149925577443e-01
6.504742773813085854e-01
4.801422957192154062e-01
1.485883124533807220e-01
7.282680834959904814e-01
9.267032038191425070e-01
4.628773436331599656e-01
4.367214545712602702e-01
2.282450566671140324e-01
7.307683190501071957e-01
6.371909496457113242e-01
7.171582505003094854e-02
6.129662863333106282e-01
7.371785783999877661e-02
1.559084166050881681e-01
1.200856525278267001e-01
3.022969424903242941e-01
4.321642731975525731e-01
1.531063003289378777e-01
6.076337612169959712e-01
1.995978988899948514e-01
5.662078328767683466e-01
2.136893837659074313e-01
7.033238271211039727e-01
8.865235036984946415e-01
8.417157947738069801e-01
8.822833035553814263e-01
1.552002192732681585e-01
7.801044718758975982e-01
5.201037021573031716e-01
8.101384950540062579e-01
8.199278278588714164e-01
3.364084191487723974e-01
2.951874080603308359e-01
1.818170667518905215e-01
7.512830128837441057e-01
7.260750149203885062e-01
7.582590619601194959e-01
9.182739266635917552e-01
4.042005892890908059e-01
7.505045653373602910e-02
5.608884962931398599e-01
8.967803315158481836e-02
2.646162861850718806e-01
7.952518844024922817e-01
7.112422149407100769e-02
3.943833914032097709e-01
8.404118171044651087e-01
3.659577760704943450e-01
5.301063470388989174e-01
5.484576354668635467e-01
4.864393011197026828e-01
2.100052270516901687e-01
8.810154857387651750e-02
7.436292986147535755e-01
4.498372431325986520e-01
5.678368652510306092e-01
4.618761505132457090e-01
1.684900300175053850e-02
1.623097707291421832e-01
8.147599122832838159e-01
1.073218008861673151e-01
9.824841658419026791e-01
5.888373817484845452e-01
2.047896448264689695e-01
5.735853587785174484e-02
8.517011886466810955e-01
8.548110251556543249e-01
4.135837782936948592e-01
4.813308656836175481e-01
5.274544074692397722e-01
1.978604373097963831e-01
8.021461827595018912e-01
1.057789944274037386e-01
1.451835137733078207e-01
7.120117449144124366e-01
1.481573661020978150e-01
9.201295035517806920e-01
4.878675934125726865e-01
7.591870651085069754e-01
2.339103332657853362e-02
9.608223428692262980e-01
4.042200862376599257e-01
5.021717779020394845e-01
9.142990042383484228e-01
2.083636784495321304e-01
8.695833392364317183e-01
2.297870855205720320e-01
8.709260718485501984e-01
4.698461823706430729e-01
3.160074756291666453e-01
8.367870569866436847e-01
9.451071273421750574e-01
1.226357398770397955e-01
5.560116585135417289e-01
5.780709018790434195e-01
3.756757361126003003e-01
1.492237822152273352e-01
6.437455278230923283e-02
2.992462842751065777e-01
9.822471840365877283e-01
5.162064044685898967e-01
8.059031208763691723e-01
3.210306969719876613e-01
3.441600583256174822e-02
7.902509022198302979e-01
1.416138516176792261e-01
9.658031214191082903e-01
7.324349684013263528e-02
3.319417514777924794e-01
4.581517495363969239e-01
5.155940249215150706e-01
3.691738087819821934e-01
4.798501952248794833e-01
6.973727464289239952e-01
1.153630489527160963e-01
5.077505576391200259e-01
8.064502913691528052e-01
4.082613572097313487e-02
6.970720048142520220e-01
8.180459229985618252e-01
4.636093860200043992e-01
3.176797150423938398e-01
6.794691500617172641e-01
6.362738886453935816e-01
7.039831728866112748e-01
7.784697701964007344e-01
2.513136503156667700e-01
7.609354248018211919e-01
7.003236996019530647e-01
2.178998087588603361e-01
9.748218139208079114e-01
5.876943526608151558e-01
5.783150966530830051e-01
6.538102627293034264e-01
5.924575104297642447e-01
8.996101098708921828e-01
5.596096898859335145e-01
8.999423711701173278e-01
9.210762636223067679e-01
7.267748383625320940e-01
2.674019241280358727e-01
8.318090364611174792e-01
7.987516427584862022e-01
6.058320784596534780e-01
1.955494859151068465e-01
8.201856318982028160e-01
6.060722683760841889e-01
7.005376058274145334e-01
7.904390206642154804e-02
1.257254369296106067e-01
9.318275886428880606e-01
8.864295567663620368e-01
8.626579423565078342e-01
2.279267770221717337e-01
9.944480912402542394e-01
5.819355821138286755e-01
4.947739302205709788e-01
9.551420382378914553e-01
6.089840812627375088e-01
4.869401849962648465e-01
7.581484266561063778e-01
9.234527672843557689e-01
5.539027147000663565e-03
7.531170971292688865e-01
3.669317214218285605e-01
2.206711657648384450e-01
5.633319556672385930e-01
1.849379141878118582e-01
3.281766436919890118e-01
9.425034511595894449e-01
5.112999522957353271e-01
3.168894107149486938e-01
4.564166613226769420e-01
7.690726988692675459e-01
8.172609156770661576e-01
7.953384089260686629e-01
3.621693976433619788e-01
1.837185864651117717e-01
9.527413860907656407e-01
7.917232746612551386e-02
6.772585862288603709e-01
7.800009601263161452e-01
8.303694083718593522e-02
7.954742148600261187e-01
2.465837686289474862e-01
4.492051275713193070e-01
9.438458413383680190e-01
8.850170996932930079e-01
2.145412023313591349e-02
6.801707543000514722e-01
5.155165227680443829e-01
5.898378481946036089e-01
7.484146555308888171e-01
3.846934540841950162e-02
3.529402972275755834e-01
6.248792335402356818e-02
7.819631496562688966e-01
3.818726409006714118e-01
5.019436679859795580e-01
1.035236526823242326e-01
9.206640184511618585e-01
2.201110580366044678e-01
1.828771274135038982e-01
9.751816918271122292e-01
7.706277422274480093e-01
9.560268800492227603e-02
4.620009173459760921e-01
4.362109361922506534e-01
3.883916861380257851e-02
6.848239061812521067e-01
1.625437927272438410e-01
3.938357713039304375e-01
3.581252964964662944e-01
3.116505755157015778e-01
3.077262310508971921e-01
2.971427798200340295e-02
4.838345974548566297e-01
8.128909253772229615e-01
8.562917277543223848e-01
5.852372681062487786e-02
6.818711338759837481e-01
3.327969234368707285e-01
4.575112392841224063e-01
8.505248900252104782e-01
5.418193254729388730e-01
3.471789042936430647e-01
8.942331266806733403e-01
7.860781495129851582e-01
6.230546437134369953e-01
4.670443968322151029e-01
8.014725287467901194e-02
3.461900515441899695e-01
3.124955170041094910e-01
7.428199303800829822e-01
7.634825681057108016e-01
5.687410424082043336e-01
2.815276522031748274e-01
1.034984530551101567e-01
1.649093972309460254e-01
8.001598857229420547e-01
6.605618455139228296e-01
5.361946327500290987e-01
7.240055308829760339e-01
9.772036856031480756e-01
9.162345834956475699e-01
4.058530501407166258e-02
5.457089833918196131e-01
7.512391056641859466e-01
8.244081499898725518e-01
4.773290719954315642e-01
3.769423020199366148e-01
1.568431135859402192e-01
7.075757519779470872e-01
9.776596761149473069e-01
6.695991373913849909e-01
5.326260626697647549e-01
7.311052660884453935e-01
4.465515931035305974e-01
8.776896252614283522e-01
7.942503814560742947e-01
2.112840146122158258e-01
1.794120902487407743e-01
8.702674881993752165e-02
8.376716300270564686e-01
6.709819054114794790e-02
2.982859193099956507e-01
6.522617152078584724e-01
5.059609540961623741e-01
4.775969869251682764e-01
2.319801234539810020e-01
8.931208572812793234e-01
6.776673213562377507e-01
3.871916490168525460e-02
7.108626220273477347e-01
2.671400231075592990e-01
5.762396483424503391e-01
9.597084414872723013e-01
3.225751647354480611e-01
1.437647584299063530e-01
7.510017611313467567e-01
9.234498307318347310e-01
1.433192727002932307e-02
3.423102438705053485e-01
2.125355895702095432e-02
3.970107580026646654e-01
5.359061800757810579e-01
2.374351742614138339e-01
1.164428041693059829e-01
9.834276298404781569e-01
6.351051423815928798e-01
2.762748599111641279e-01
1.084903757542840380e-01
1.041265590288503046e-01
8.058750250447449526e-01
3.613724053599130515e-01
7.881743064353156081e-01
8.508829183423650688e-01
9.922071093376283457e-01
2.520401597102545077e-01
7.187344671008843999e-01
8.644312017928984515e-01
1.466635635839784735e-01
8.349094965662690049e-01
8.904236747888369941e-01
4.571583515983338453e-01
9.783737747743166402e-01
3.062015304475706468e-01
6.734162049671361949e-02
2.493064311487184215e-01
6.626977339627312391e-01
6.964033287794249016e-01
1.870113120460115685e-01
6.251093320199245795e-01
2.156039489967140343e-01
3.562183420351082153e-01
1.589981987536328578e-01
3.952638944526273845e-01
8.270705373195754717e-01
6.269936155323563298e-01
7.852960267447154363e-01
8.004192771051762412e-01
2.316788519815549396e-01
3.541347542096793810e-01
8.744272055538326871e-01
7.731622397354701581e-01
1.702910865669798879e-01
7.641544515330548348e-01
4.666980560869828376e-01
6.716768251545252033e-01
8.830320999524841064e-01
8.052132429170680838e-01
9.654331797116733060e-01
8.629600394021006426e-01
5.227585303905368797e-01
3.656069819488445560e-01
7.355242734601571408e-01
4.748394384789398348e-01
8.530796358244356892e-01
3.484364439633851063e-02
7.274484261592821799e-01
2.356005518397861209e-01
3.029442271164901057e-01
8.138776602945699823e-01
3.975882346836477343e-01
6.795571440436335431e-01
3.260640771986138553e-01
7.782412382568993925e-01
9.244967042936919066e-01
3.503702535476907465e-01
3.937542351371755567e-01
9.210990705827437619e-01
2.426387471912656302e-01
9.462445104292922515e-01
3.329214634208066403e-01
8.565291523656837214e-01
2.036953220146470178e-01
9.822702918306773778e-01
8.753586820850912664e-01
1.071485820779080195e-01
8.476573130754406771e-01
9.718517022752370949e-01
2.429503520299114150e-01
7.187904402693459094e-01
9.901552286587089746e-01
1.091640577979154508e-01
5.898687608759238810e-01
6.517832086034374139e-01
5.926266699694489049e-01
8.412607122769597337e-03
2.033584801759612537e-01
8.208492979632586728e-01
1.715183017059044301e-01
6.610009288755583912e-01
5.452619281268190621e-01
9.750946829487933121e-01
1.424196229069783770e-01
4.102755486220476810e-01
5.421835023325517477e-01
1.067845105305883918e-01
7.141752221608835827e-01
3.532888781879750528e-01
4.350953615934430307e-01
9.099041836372401271e-01
4.247533949001082165e-01
4.453730834004759886e-01
9.596253805044796525e-01
1.628110595974500419e-01
1.584400221815301379e-01
1.706073410551532110e-01
6.880569132438689728e-01
8.142887314537324839e-01
5.310024087060535303e-01
